16 0.5515625 0.22734375 0.140625 0.1046875
16 0.530078125 0.1515625 0.16015625 0.084375
16 0.51484375 0.1015625 0.1546875 0.09375
16 0.699609375 0.0359375 0.15859375 0.071875
16 0.730078125 0.10234375 0.19453125 0.1296875
16 0.7375 0.18359375 0.125 0.0796875
16 0.88671875 0.03203125 0.1390625 0.0609375
16 0.8984375 0.081640625 0.13125 0.08515625
16 0.934765625 0.14765625 0.10078125 0.0921875
16 0.07421875 0.29296875 0.1484375 0.1203125
16 0.933203125 0.660546875 0.13203125 0.11796875
16 0.930078125 0.575390625 0.13828125 0.12265625
16 0.86171875 0.48203125 0.1609375 0.1078125
16 0.834765625 0.408203125 0.15390625 0.09765625
16 0.776953125 0.908984375 0.16328125 0.10234375
16 0.466015625 0.948828125 0.14765625 0.10078125
16 0.61015625 0.91953125 0.1421875 0.0921875
