16 0.141796875 0.88515625 0.28359375 0.1890625
16 0.144140625 0.749609375 0.28828125 0.15859375
16 0.39765625 0.75390625 0.2296875 0.1390625
16 0.392578125 0.876953125 0.22265625 0.15390625
16 0.601171875 0.761328125 0.19609375 0.13203125
16 0.76875 0.863671875 0.15 0.11796875
16 0.77578125 0.762109375 0.1546875 0.11796875
16 0.915625 0.85390625 0.15 0.1109375
16 0.917578125 0.767578125 0.14453125 0.09765625
16 0.764453125 0.517578125 0.16953125 0.10078125
16 0.915625 0.54609375 0.140625 0.0984375
16 0.915625 0.45703125 0.140625 0.0984375
16 0.768359375 0.42890625 0.15234375 0.1109375
16 0.841796875 0.6203125 0.15234375 0.1
16 0.59296875 0.49296875 0.1734375 0.1140625
16 0.607421875 0.392578125 0.18046875 0.13203125
16 0.4 0.458984375 0.228125 0.15234375
16 0.40625 0.35078125 0.225 0.1421875
16 0.153125 0.426171875 0.28125 0.16796875
16 0.153125 0.29296875 0.275 0.1734375
16 0.169921875 0.55859375 0.19921875 0.1203125
16 0.350390625 0.57421875 0.16953125 0.1109375
16 0.506640625 0.59609375 0.14765625 0.0921875
16 0.419140625 0.149609375 0.22578125 0.17421875
16 0.172265625 0.0875 0.27265625 0.171875
16 0.42421875 0.0515625 0.2078125 0.1
16 0.626171875 0.1109375 0.18984375 0.15625
16 0.60546875 0.223046875 0.1890625 0.13671875
16 0.754296875 0.26953125 0.15859375 0.1203125
16 0.776171875 0.17578125 0.15859375 0.1203125
16 0.907421875 0.30390625 0.15859375 0.1203125
16 0.9203125 0.208984375 0.146875 0.11796875
