18 0.094921875 0.46015625 0.11484375 0.1390625
18 0.208203125 0.49765625 0.14140625 0.1796875
18 0.374609375 0.543359375 0.18046875 0.11171875
18 0.833203125 0.549609375 0.33203125 0.19296875
18 0.579296875 0.56171875 0.21484375 0.1421875
18 0.18828125 0.647265625 0.1046875 0.08828125
18 0.334375 0.6703125 0.171875 0.09375
18 0.166015625 0.7296875 0.11015625 0.078125
18 0.59453125 0.73828125 0.2046875 0.1765625
18 0.886328125 0.747265625 0.11640625 0.17578125
18 0.768359375 0.748046875 0.13359375 0.18359375
18 0.1890625 0.8453125 0.19375 0.096875
18 0.4015625 0.887890625 0.2 0.16953125
18 0.831640625 0.929296875 0.33515625 0.13984375
18 0.186328125 0.175 0.16328125 0.115625
18 0.8625 0.21953125 0.275 0.1171875
18 0.3671875 0.295703125 0.196875 0.11640625
18 0.580859375 0.2984375 0.21796875 0.121875
18 0.8359375 0.30625 0.328125 0.090625
