16 0.65078125 0.481640625 0.4890625 0.10078125
16 0.646484375 0.419921875 0.48046875 0.10546875
16 0.669140625 0.355078125 0.47265625 0.10703125
16 0.678125 0.297265625 0.446875 0.09765625
16 0.684765625 0.2421875 0.42890625 0.09375
16 0.495703125 0.9421875 0.58515625 0.115625
16 0.5109375 0.870703125 0.55625 0.13203125
16 0.537109375 0.78359375 0.59609375 0.1546875
16 0.565625 0.6859375 0.428125 0.134375
16 0.0984375 0.90546875 0.196875 0.1078125
16 0.1078125 0.72265625 0.215625 0.1171875
16 0.128515625 0.641015625 0.25703125 0.11328125
16 0.1453125 0.56875 0.2875 0.09375
16 0.24375 0.31015625 0.4 0.1078125
16 0.255859375 0.266015625 0.39296875 0.07578125
16 0.279296875 0.225390625 0.40234375 0.08203125
16 0.225 0.38828125 0.415625 0.1359375
