16 0.60078125 0.8125 0.3296875 0.09375
16 0.61328125 0.76328125 0.3140625 0.0828125
16 0.64765625 0.712109375 0.3390625 0.09609375
16 0.67734375 0.658203125 0.2359375 0.07578125
16 0.275 0.766015625 0.328125 0.09140625
16 0.28828125 0.712109375 0.3453125 0.09609375
16 0.264453125 0.10078125 0.26328125 0.0984375
16 0.25703125 0.16171875 0.2296875 0.0734375
16 0.458203125 0.4109375 0.28828125 0.078125
16 0.472265625 0.3796875 0.27890625 0.06875
16 0.48671875 0.34609375 0.2703125 0.0671875
16 0.749609375 0.377734375 0.27734375 0.07109375
16 0.738671875 0.415234375 0.27734375 0.07109375
16 0.72734375 0.452734375 0.2796875 0.07421875
16 0.708203125 0.494140625 0.28515625 0.07578125
16 0.709765625 0.533203125 0.30390625 0.06953125
16 0.19453125 0.357421875 0.2921875 0.08984375
