16 0.214453125 0.48984375 0.21640625 0.0765625
16 0.203125 0.439453125 0.228125 0.08515625
16 0.41328125 0.555078125 0.2390625 0.08203125
16 0.42421875 0.508984375 0.2296875 0.07421875
16 0.423828125 0.459765625 0.25390625 0.08515625
16 0.665234375 0.535546875 0.27734375 0.09609375
16 0.88671875 0.5640625 0.2171875 0.078125
16 0.86171875 0.61484375 0.2453125 0.0828125
16 0.63671875 0.58203125 0.2296875 0.0796875
16 0.81953125 0.826171875 0.1671875 0.07109375
16 0.784765625 0.858984375 0.14453125 0.05546875
16 0.95859375 0.51484375 0.0828125 0.0796875
16 0.46640625 0.288671875 0.2546875 0.10234375
16 0.24765625 0.321484375 0.2453125 0.07421875
16 0.196484375 0.227734375 0.29921875 0.10546875
16 0.53671875 0.08984375 0.2828125 0.1234375
