16 0.38125 0.946484375 0.44375 0.10546875
16 0.79609375 0.958984375 0.3890625 0.08046875
16 0.41015625 0.83515625 0.4109375 0.0890625
16 0.800390625 0.855078125 0.38203125 0.07578125
16 0.801171875 0.90234375 0.37734375 0.0421875
16 0.08984375 0.94140625 0.1796875 0.1046875
16 0.109375 0.8484375 0.21875 0.103125
16 0.555859375 0.240625 0.07421875 0.134375
16 0.629296875 0.2171875 0.08046875 0.178125
16 0.879296875 0.241015625 0.05859375 0.12890625
16 0.823046875 0.24453125 0.06484375 0.1421875
16 0.763671875 0.23828125 0.06484375 0.1265625
16 0.696875 0.234375 0.06875 0.15
16 0.059375 0.202734375 0.0875 0.16484375
