16 0.690625 0.53671875 0.103125 0.0671875
16 0.612890625 0.5875 0.09765625 0.0625
16 0.651953125 0.569140625 0.09140625 0.05390625
16 0.7703125 0.571875 0.11875 0.06875
16 0.84609375 0.576953125 0.1109375 0.06015625
16 0.826171875 0.540234375 0.08984375 0.04921875
16 0.71015625 0.600390625 0.1109375 0.06640625
16 0.79375 0.613671875 0.103125 0.03984375
16 0.912890625 0.577734375 0.11328125 0.06484375
16 0.13046875 0.714453125 0.1234375 0.08203125
16 0.29453125 0.714453125 0.1890625 0.07578125
16 0.98671875 0.637109375 0.0265625 0.05546875
16 0.980078125 0.724609375 0.03828125 0.07421875
16 0.934375 0.910546875 0.125 0.09609375
16 0.98359375 0.8984375 0.0328125 0.09375
16 0.26796875 0.96328125 0.1734375 0.0734375
16 0.43125 0.91328125 0.196875 0.0828125
16 0.77734375 0.91640625 0.1921875 0.0828125
16 0.591796875 0.888671875 0.18046875 0.07421875
16 0.273046875 0.915625 0.22109375 0.0875
16 0.520703125 0.72109375 0.15390625 0.0890625
16 0.29921875 0.78125 0.1921875 0.084375
16 0.7 0.723046875 0.13125 0.07109375
16 0.819140625 0.7234375 0.11640625 0.071875
16 0.919921875 0.72578125 0.11796875 0.0765625
16 0.540234375 0.52578125 0.27734375 0.1203125
16 0.496484375 0.57421875 0.27421875 0.1109375
16 0.290625 0.5375 0.275 0.109375
16 0.24453125 0.609375 0.2828125 0.103125
