16 0.66171875 0.681640625 0.3296875 0.06953125
16 0.65390625 0.607421875 0.3296875 0.08984375
16 0.644140625 0.51484375 0.25703125 0.0796875
16 0.854296875 0.4890625 0.21484375 0.053125
16 0.3140625 0.216796875 0.31875 0.09609375
16 0.3265625 0.298828125 0.31875 0.07578125
16 0.334375 0.365234375 0.31875 0.07109375
16 0.678125 0.367578125 0.36875 0.08203125
16 0.65234375 0.3 0.3265625 0.071875
16 0.650390625 0.228125 0.33203125 0.071875
16 0.917578125 0.29765625 0.16328125 0.0734375
16 0.9328125 0.36640625 0.134375 0.0734375
