16 0.838671875 0.071875 0.29296875 0.140625
16 0.842578125 0.176171875 0.29453125 0.16796875
16 0.590234375 0.228125 0.23046875 0.146875
16 0.58671875 0.105078125 0.2234375 0.16015625
16 0.3859375 0.262890625 0.196875 0.13828125
16 0.21484375 0.201171875 0.1515625 0.12109375
16 0.21328125 0.301953125 0.1546875 0.12265625
16 0.07109375 0.240625 0.1421875 0.115625
16 0.071875 0.32734375 0.14375 0.1015625
16 0.24140625 0.542578125 0.1703125 0.10703125
16 0.0890625 0.5484375 0.140625 0.103125
16 0.0953125 0.634375 0.140625 0.103125
16 0.244140625 0.6328125 0.15390625 0.115625
16 0.156640625 0.45703125 0.15390625 0.1046875
16 0.413671875 0.5296875 0.17421875 0.11875
16 0.40625 0.630859375 0.18125 0.13671875
16 0.60625 0.522265625 0.228125 0.16015625
16 0.608203125 0.631640625 0.22578125 0.14765625
16 0.8546875 0.50234375 0.28125 0.1765625
16 0.8625 0.634375 0.275 0.18125
16 0.830078125 0.37109375 0.20078125 0.1265625
16 0.64765625 0.396875 0.1703125 0.115625
16 0.491015625 0.409765625 0.14765625 0.09765625
16 0.608984375 0.8328125 0.22734375 0.18125
16 0.858984375 0.852734375 0.27421875 0.19921875
16 0.61171875 0.9390625 0.2078125 0.11875
16 0.406640625 0.91640625 0.19140625 0.1609375
16 0.419921875 0.801171875 0.18984375 0.14296875
16 0.266796875 0.7859375 0.15859375 0.125
16 0.251171875 0.884375 0.15859375 0.125
16 0.113671875 0.7859375 0.15859375 0.125
16 0.106640625 0.880859375 0.14765625 0.12109375
