18 0.755078125 0.340625 0.13828125 0.09375
18 0.626171875 0.34296875 0.12109375 0.0984375
18 0.49609375 0.3515625 0.1296875 0.1
18 0.355078125 0.357421875 0.14140625 0.10234375
18 0.218359375 0.3640625 0.13046875 0.103125
18 0.88359375 0.4375 0.1328125 0.09375
18 0.75234375 0.45546875 0.1265625 0.1046875
18 0.626171875 0.456640625 0.11796875 0.11015625
18 0.364453125 0.46171875 0.13203125 0.0953125
18 0.490625 0.465625 0.125 0.090625
18 0.24375 0.478515625 0.1125 0.09453125
18 0.13359375 0.4859375 0.1203125 0.1
18 0.905078125 0.04921875 0.15078125 0.0984375
18 0.6328125 0.052734375 0.134375 0.10546875
18 0.760546875 0.05390625 0.12734375 0.1078125
18 0.871875 0.551171875 0.11875 0.09609375
18 0.6171875 0.560546875 0.121875 0.09921875
18 0.74765625 0.567578125 0.1390625 0.10703125
18 0.50078125 0.569140625 0.1359375 0.08828125
18 0.367578125 0.57890625 0.13828125 0.0984375
18 0.153125 0.59375 0.1125 0.109375
18 0.252734375 0.594140625 0.10546875 0.11640625
18 0.50625 0.066015625 0.1375 0.10703125
18 0.628125 0.671484375 0.121875 0.08046875
18 0.754296875 0.675390625 0.11484375 0.09140625
18 0.373828125 0.69375 0.11640625 0.084375
18 0.503515625 0.698828125 0.12578125 0.08203125
18 0.247265625 0.709765625 0.13828125 0.09140625
18 0.240625 0.0734375 0.15 0.109375
18 0.871875 0.767578125 0.125 0.09765625
18 0.63359375 0.77265625 0.1046875 0.1015625
18 0.762109375 0.7796875 0.12109375 0.0875
18 0.3890625 0.7890625 0.13125 0.08125
18 0.518359375 0.79140625 0.13984375 0.0921875
18 0.7578125 0.1921875 0.14375 0.1125
18 0.894921875 0.19296875 0.13984375 0.0984375
18 0.62109375 0.198046875 0.1296875 0.10234375
18 0.486328125 0.2171875 0.16015625 0.10625
18 0.338671875 0.2203125 0.13671875 0.11875
18 0.20234375 0.228125 0.1390625 0.1125
18 0.07890625 0.235546875 0.1171875 0.12109375
18 0.886328125 0.32734375 0.13515625 0.0921875
