16 0.188671875 0.721484375 0.37734375 0.10546875
16 0.196484375 0.657421875 0.39296875 0.09609375
16 0.20625 0.60078125 0.4 0.0921875
16 0.223828125 0.546875 0.39453125 0.0875
16 0.24375 0.494921875 0.38125 0.08671875
16 0.57578125 0.7578125 0.4359375 0.109375
16 0.584765625 0.690234375 0.41953125 0.09609375
16 0.591796875 0.6296875 0.40234375 0.09375
16 0.60546875 0.574609375 0.3953125 0.08671875
16 0.612109375 0.524609375 0.38671875 0.08671875
16 0.48984375 0.96953125 0.3359375 0.0609375
16 0.06328125 0.933203125 0.1234375 0.07578125
16 0.3015625 0.39921875 0.365625 0.0765625
16 0.321484375 0.355859375 0.35546875 0.08046875
16 0.34921875 0.313671875 0.3453125 0.07421875
16 0.3609375 0.275 0.3375 0.078125
16 0.374609375 0.2328125 0.33046875 0.071875
16 0.68125 0.09609375 0.271875 0.0796875
16 0.681640625 0.14765625 0.24765625 0.0671875
16 0.691796875 0.03984375 0.30546875 0.0796875
16 0.404296875 0.051171875 0.24609375 0.07421875
16 0.41796875 0.120703125 0.2671875 0.08515625
16 0.38828125 0.01796875 0.2671875 0.0359375
16 0.914453125 0.09609375 0.16953125 0.0984375
