16 0.65234375 0.31328125 0.2796875 0.0671875
16 0.916796875 0.287109375 0.16484375 0.06484375
16 0.94296875 0.25078125 0.1140625 0.0609375
16 0.762109375 0.278125 0.19609375 0.05625
16 0.885546875 0.332421875 0.22734375 0.07421875
16 0.90234375 0.596484375 0.1734375 0.08046875
16 0.073828125 0.86484375 0.14765625 0.1453125
16 0.131640625 0.903515625 0.18515625 0.14453125
16 0.24296875 0.925390625 0.1734375 0.12890625
16 0.3609375 0.94921875 0.165625 0.0984375
16 0.488671875 0.965625 0.14296875 0.06875
16 0.542578125 0.93515625 0.16953125 0.1265625
16 0.61640625 0.8890625 0.1515625 0.115625
16 0.72890625 0.934375 0.1515625 0.115625
16 0.665625 0.95859375 0.15 0.0828125
16 0.84609375 0.9578125 0.1296875 0.084375
16 0.43125 0.888671875 0.140625 0.08671875
16 0.15234375 0.793359375 0.1265625 0.07109375
16 0.3296875 0.869921875 0.140625 0.08671875
16 0.234375 0.833984375 0.140625 0.08671875
16 0.052734375 0.60234375 0.10546875 0.1078125
16 0.098046875 0.687890625 0.10234375 0.08515625
16 0.16640625 0.69453125 0.0765625 0.0734375
16 0.31171875 0.1078125 0.1703125 0.053125
16 0.28359375 0.14375 0.1703125 0.053125
16 0.256640625 0.17421875 0.12265625 0.0359375
16 0.195703125 0.205078125 0.16328125 0.05078125
16 0.18671875 0.239453125 0.1140625 0.03828125
16 0.476171875 0.1390625 0.22734375 0.0625
16 0.4359375 0.173046875 0.15 0.03984375
16 0.376171875 0.207421875 0.19609375 0.05859375
16 0.345703125 0.246875 0.13203125 0.040625
16 0.737890625 0.544921875 0.29453125 0.08984375
16 0.40234375 0.4875 0.2359375 0.06875
16 0.244921875 0.4421875 0.14296875 0.053125
16 0.51484375 0.68515625 0.2546875 0.0984375
16 0.769921875 0.744921875 0.28359375 0.11796875
