16 0.631640625 0.3765625 0.19765625 0.065625
16 0.4328125 0.39375 0.18125 0.05625
16 0.22578125 0.403515625 0.2046875 0.07578125
16 0.644921875 0.4578125 0.21484375 0.059375
16 0.4359375 0.462890625 0.2 0.06953125
16 0.21640625 0.475 0.2140625 0.05625
16 0.887109375 0.489453125 0.22421875 0.06953125
16 0.229296875 0.52265625 0.20546875 0.0515625
16 0.63125 0.596484375 0.175 0.05859375
16 0.83046875 0.603125 0.1984375 0.05
16 0.451953125 0.606640625 0.18203125 0.04765625
16 0.07578125 0.626171875 0.1515625 0.04609375
16 0.635546875 0.64765625 0.18046875 0.0671875
16 0.459375 0.65703125 0.175 0.0671875
16 0.08203125 0.671484375 0.1640625 0.04609375
16 0.27578125 0.69375 0.1890625 0.075
16 0.85 0.7046875 0.2125 0.1125
16 0.861328125 0.853515625 0.19453125 0.07265625
16 0.662890625 0.8546875 0.18203125 0.065625
16 0.276171875 0.897265625 0.17109375 0.07578125
16 0.8765625 0.903515625 0.240625 0.06328125
16 0.65625 0.91953125 0.2125 0.0828125
16 0.25703125 0.96171875 0.2046875 0.0765625
16 0.8828125 0.9625 0.234375 0.075
16 0.65234375 0.18203125 0.2453125 0.0640625
16 0.63984375 0.236328125 0.2359375 0.06640625
16 0.20859375 0.256640625 0.2671875 0.07578125
16 0.796875 0.275390625 0.128125 0.08203125
16 0.928125 0.28125 0.125 0.071875
16 0.633984375 0.283984375 0.21484375 0.06171875
16 0.21796875 0.3125 0.2640625 0.0625
