16 0.82421875 0.86640625 0.3484375 0.1203125
16 0.814453125 0.8 0.28828125 0.09375
16 0.833984375 0.933203125 0.33046875 0.11328125
16 0.501171875 0.938671875 0.35234375 0.09609375
16 0.470703125 0.875390625 0.32578125 0.09140625
16 0.4578125 0.816796875 0.234375 0.06484375
16 0.209765625 0.89296875 0.22265625 0.0765625
16 0.162109375 0.84453125 0.15234375 0.0640625
16 0.7109375 0.48203125 0.31875 0.1078125
16 0.396875 0.52734375 0.275 0.0890625
16 0.38671875 0.474609375 0.2609375 0.08046875
16 0.4515625 0.58515625 0.203125 0.0671875
16 0.1515625 0.604296875 0.21875 0.07421875
16 0.146875 0.5625 0.234375 0.06875
16 0.615234375 0.16796875 0.30859375 0.1296875
16 0.691796875 0.273828125 0.30546875 0.11640625
