14 0.331640625 0.366796875 0.10390625 0.13671875
14 0.126953125 0.416796875 0.13515625 0.13046875
14 0.951171875 0.05625 0.09609375 0.084375
18 0.702734375 0.601953125 0.59296875 0.55703125
14 0.855859375 0.072265625 0.11171875 0.08203125
14 0.738671875 0.074609375 0.10859375 0.08359375
14 0.632421875 0.142578125 0.10859375 0.15703125
14 0.3890625 0.16796875 0.1 0.0734375
14 0.901953125 0.188671875 0.13203125 0.16484375
14 0.78359375 0.19375 0.1234375 0.165625
14 0.672265625 0.2234375 0.12265625 0.165625
14 0.08046875 0.258984375 0.1296875 0.15234375
14 0.326171875 0.259375 0.09921875 0.075
14 0.440625 0.26953125 0.115625 0.1546875
14 0.207421875 0.3203125 0.14296875 0.1625
