16 0.57734375 0.19609375 0.2078125 0.0765625
16 0.5890625 0.23671875 0.203125 0.0671875
16 0.42578125 0.263671875 0.1671875 0.05859375
16 0.189453125 0.281640625 0.11640625 0.04453125
16 0.29296875 0.26015625 0.1203125 0.0484375
16 0.299609375 0.28984375 0.12734375 0.0484375
16 0.198828125 0.30859375 0.11328125 0.0421875
16 0.359765625 0.36484375 0.14765625 0.0484375
16 0.359765625 0.39609375 0.13203125 0.0484375
16 0.23984375 0.376171875 0.1203125 0.04296875
16 0.251953125 0.403125 0.11640625 0.040625
16 0.302734375 0.3421875 0.14296875 0.046875
16 0.484375 0.3515625 0.15 0.053125
16 0.4890625 0.383984375 0.1625 0.05859375
16 0.631640625 0.33671875 0.19453125 0.0640625
16 0.646875 0.373046875 0.19375 0.06484375
16 0.634375 0.29609375 0.15625 0.0515625
16 0.751953125 0.279296875 0.10703125 0.04296875
16 0.523828125 0.440234375 0.17890625 0.06484375
16 0.398828125 0.44609375 0.11640625 0.0515625
16 0.284375 0.449609375 0.13125 0.04921875
16 0.284765625 0.47890625 0.12265625 0.0484375
16 0.395703125 0.47421875 0.12265625 0.0484375
16 0.769140625 0.566796875 0.11640625 0.05546875
16 0.689453125 0.557421875 0.11640625 0.05546875
16 0.853515625 0.546484375 0.11640625 0.05546875
16 0.615625 0.542578125 0.125 0.07578125
16 0.551953125 0.626953125 0.12890625 0.08515625
16 0.69453125 0.651953125 0.1296875 0.07578125
16 0.63984375 0.641015625 0.1296875 0.07578125
16 0.81328125 0.6703125 0.1390625 0.078125
16 0.415625 0.615234375 0.115625 0.07421875
16 0.573046875 0.80859375 0.12734375 0.0765625
16 0.66875 0.834765625 0.134375 0.09140625
16 0.8328125 0.875390625 0.134375 0.09140625
16 0.375 0.7640625 0.06875 0.06875
16 0.4109375 0.7640625 0.06875 0.06875
16 0.514453125 0.474609375 0.14765625 0.05859375
16 0.669140625 0.4359375 0.21015625 0.071875
16 0.676953125 0.47421875 0.20703125 0.0671875
