16 0.60390625 0.165625 0.7921875 0.290625
16 0.571484375 0.344140625 0.63671875 0.20078125
16 0.559375 0.470703125 0.603125 0.18515625
16 0.58046875 0.57421875 0.4734375 0.1296875
16 0.543359375 0.644921875 0.44609375 0.12734375
16 0.18671875 0.419921875 0.2390625 0.15234375
16 0.188671875 0.303515625 0.23046875 0.12265625
16 0.20546875 0.198828125 0.2203125 0.13203125
16 0.10078125 0.47265625 0.1296875 0.1984375
16 0.03359375 0.46015625 0.0671875 0.1921875
16 0.185546875 0.51796875 0.11171875 0.1203125
16 0.28359375 0.527734375 0.1265625 0.12734375
