16 0.223046875 0.955859375 0.17421875 0.08671875
16 0.43828125 0.919921875 0.1265625 0.10234375
16 0.607421875 0.868359375 0.08984375 0.08671875
16 0.82421875 0.803125 0.0578125 0.06875
16 0.8109375 0.87421875 0.078125 0.0640625
16 0.80546875 0.92890625 0.1046875 0.0796875
16 0.575390625 0.394921875 0.13828125 0.10546875
16 0.57734375 0.47578125 0.1390625 0.1109375
16 0.503515625 0.56953125 0.12890625 0.0953125
16 0.4828125 0.6484375 0.13125 0.084375
16 0.692578125 0.609765625 0.12890625 0.09140625
16 0.68984375 0.542578125 0.1265625 0.09140625
16 0.69296875 0.47109375 0.1078125 0.0828125
16 0.691015625 0.407421875 0.10703125 0.08671875
