16 0.248828125 0.05234375 0.26328125 0.0734375
16 0.27109375 0.021484375 0.2828125 0.04296875
16 0.7359375 0.666015625 0.084375 0.03828125
16 0.755859375 0.6359375 0.08671875 0.040625
16 0.773046875 0.603125 0.08984375 0.040625
16 0.783203125 0.56953125 0.10078125 0.0421875
16 0.794921875 0.53046875 0.12109375 0.0578125
16 0.814453125 0.4859375 0.12890625 0.046875
16 0.6328125 0.087890625 0.265625 0.08203125
16 0.63671875 0.03828125 0.3953125 0.0734375
16 0.96015625 0.1234375 0.0796875 0.06875
16 0.930078125 0.064453125 0.13828125 0.07578125
16 0.577734375 0.659375 0.24609375 0.05625
16 0.592578125 0.630078125 0.24765625 0.06015625
16 0.60390625 0.589453125 0.2671875 0.07578125
16 0.598046875 0.540625 0.24609375 0.05625
16 0.6109375 0.502734375 0.25 0.07109375
16 0.3390625 0.651953125 0.25625 0.06015625
16 0.34140625 0.60859375 0.2609375 0.0796875
16 0.3546875 0.5546875 0.25 0.06875
16 0.360546875 0.503515625 0.22734375 0.05078125
16 0.3609375 0.4734375 0.228125 0.053125
16 0.107421875 0.633984375 0.21484375 0.08671875
16 0.11640625 0.57265625 0.2328125 0.0734375
16 0.11875 0.52421875 0.2375 0.0546875
16 0.12265625 0.496484375 0.2453125 0.05546875
16 0.1296875 0.46328125 0.25 0.0578125
16 0.52265625 0.775 0.2515625 0.0625
16 0.51171875 0.741796875 0.2328125 0.05859375
