16 0.037109375 0.944140625 0.07421875 0.06015625
16 0.0421875 0.84609375 0.084375 0.1265625
16 0.048828125 0.744140625 0.08515625 0.08515625
16 0.0578125 0.66640625 0.071875 0.0765625
16 0.078125 0.590625 0.06875 0.084375
16 0.094921875 0.528125 0.06484375 0.078125
16 0.21171875 0.52734375 0.1703125 0.0734375
16 0.198828125 0.595703125 0.17890625 0.08203125
16 0.19375 0.685546875 0.196875 0.12734375
16 0.20625 0.80078125 0.18125 0.0890625
16 0.189453125 0.894921875 0.19140625 0.12734375
16 0.210546875 0.96484375 0.14296875 0.0421875
16 0.383984375 0.533984375 0.16796875 0.08046875
16 0.55390625 0.566015625 0.1703125 0.12890625
16 0.380078125 0.62421875 0.17890625 0.1234375
16 0.376953125 0.74921875 0.16953125 0.1203125
16 0.54609375 0.694921875 0.1609375 0.11171875
16 0.54296875 0.78828125 0.1578125 0.0765625
16 0.536328125 0.85703125 0.16015625 0.0765625
16 0.37734375 0.8578125 0.1609375 0.084375
16 0.539453125 0.934375 0.16328125 0.084375
16 0.376953125 0.93359375 0.16328125 0.0890625
16 0.5453125 0.9828125 0.165625 0.03125
16 0.3765625 0.9828125 0.171875 0.03125
16 0.728125 0.655078125 0.178125 0.12890625
16 0.720703125 0.55859375 0.16953125 0.0828125
16 0.71484375 0.76015625 0.1671875 0.0828125
16 0.7234375 0.830078125 0.171875 0.08515625
16 0.729296875 0.91171875 0.17421875 0.0921875
16 0.887109375 0.584375 0.17421875 0.13125
