16 0.68125 0.80546875 0.353125 0.0890625
16 0.6890625 0.75 0.3375 0.078125
16 0.71796875 0.694140625 0.3640625 0.09140625
16 0.743359375 0.633984375 0.25234375 0.07421875
16 0.321484375 0.767578125 0.35234375 0.08515625
16 0.33046875 0.709765625 0.3703125 0.09140625
16 0.23203125 0.048046875 0.2609375 0.09609375
16 0.22109375 0.113671875 0.2453125 0.07109375
16 0.473828125 0.37734375 0.31015625 0.0734375
16 0.48515625 0.34140625 0.3015625 0.0640625
16 0.496484375 0.30625 0.29296875 0.0625
16 0.785546875 0.328515625 0.29921875 0.06640625
16 0.777734375 0.369140625 0.29921875 0.06640625
16 0.77109375 0.411328125 0.3015625 0.06953125
16 0.7546875 0.455859375 0.30625 0.07109375
16 0.7625 0.49609375 0.328125 0.0640625
16 0.184765625 0.3296875 0.30390625 0.0875
