16 0.59765625 0.259375 0.1453125 0.115625
16 0.576171875 0.182421875 0.16484375 0.09609375
16 0.558984375 0.130859375 0.15859375 0.10546875
16 0.74609375 0.050390625 0.1609375 0.08515625
16 0.780078125 0.12109375 0.20078125 0.1453125
16 0.787890625 0.20234375 0.12890625 0.0890625
16 0.91796875 0.0359375 0.1078125 0.071875
16 0.92890625 0.0921875 0.0953125 0.0875
16 0.959765625 0.160546875 0.04453125 0.08671875
16 0.105078125 0.356640625 0.16328125 0.13203125
16 0.964453125 0.6859375 0.06953125 0.115625
16 0.96015625 0.598046875 0.0765625 0.12109375
16 0.919140625 0.499609375 0.16015625 0.12109375
16 0.891796875 0.4265625 0.15859375 0.109375
16 0.8421875 0.916015625 0.165625 0.06015625
16 0.525 0.9734375 0.15 0.053125
16 0.67265625 0.946875 0.1453125 0.06875
