16 0.948828125 0.980078125 0.10078125 0.03828125
16 0.944921875 0.88828125 0.10234375 0.1203125
16 0.928125 0.784765625 0.084375 0.08203125
16 0.921875 0.70546875 0.071875 0.0734375
16 0.9015625 0.626953125 0.06875 0.08203125
16 0.88671875 0.563671875 0.0640625 0.07421875
16 0.76875 0.55546875 0.171875 0.0640625
16 0.779296875 0.6234375 0.18046875 0.071875
16 0.784375 0.716015625 0.196875 0.11640625
16 0.76953125 0.8328125 0.1828125 0.078125
16 0.783203125 0.929296875 0.19140625 0.11796875
16 0.761328125 0.990234375 0.14453125 0.01796875
16 0.594140625 0.551171875 0.16953125 0.07109375
16 0.42265625 0.5734375 0.1703125 0.11875
16 0.595703125 0.64296875 0.17890625 0.1140625
16 0.595703125 0.76953125 0.16953125 0.1109375
16 0.42734375 0.7046875 0.1609375 0.103125
16 0.427734375 0.8 0.15859375 0.06875
16 0.43359375 0.86875 0.1609375 0.06875
16 0.5953125 0.878515625 0.1625 0.07578125
16 0.428515625 0.945703125 0.16328125 0.07578125
16 0.592578125 0.955859375 0.16328125 0.08046875
16 0.42265625 0.992578125 0.1671875 0.01328125
16 0.24375 0.653125 0.178125 0.11875
16 0.25234375 0.55390625 0.1703125 0.0734375
16 0.254296875 0.76015625 0.16796875 0.0734375
16 0.24453125 0.830078125 0.1734375 0.07578125
16 0.235546875 0.91171875 0.17421875 0.0828125
16 0.084765625 0.570703125 0.16953125 0.12265625
