16 0.719921875 0.748046875 0.47734375 0.09609375
16 0.728125 0.678515625 0.478125 0.10078125
16 0.746484375 0.5859375 0.49296875 0.13125
16 0.77734375 0.501953125 0.3703125 0.08515625
16 0.23046875 0.71640625 0.4609375 0.0984375
16 0.235546875 0.634375 0.47109375 0.13125
16 0.75234375 0.3109375 0.3921875 0.071875
16 0.75859375 0.2640625 0.3921875 0.071875
16 0.75546875 0.22109375 0.3890625 0.0671875
16 0.75234375 0.18203125 0.3890625 0.0671875
16 0.376953125 0.243359375 0.38203125 0.07421875
16 0.40078125 0.18125 0.3296875 0.0625
