18 0.79140625 0.35625 0.2765625 0.159375
18 0.5375 0.377734375 0.228125 0.14296875
18 0.3125 0.4015625 0.259375 0.1375
18 0.762109375 0.50078125 0.24921875 0.1234375
18 0.5484375 0.52421875 0.2125 0.1046875
18 0.329296875 0.53203125 0.24296875 0.1078125
18 0.751171875 0.623046875 0.23984375 0.11796875
18 0.5515625 0.637890625 0.203125 0.12265625
18 0.356640625 0.691015625 0.22265625 0.13203125
18 0.47734375 0.071875 0.2453125 0.14375
18 0.76640625 0.761328125 0.2546875 0.11015625
18 0.7359375 0.07734375 0.290625 0.1546875
18 0.56875 0.787109375 0.175 0.12421875
18 0.3625 0.81640625 0.228125 0.1109375
18 0.228125 0.0828125 0.259375 0.165625
18 0.786328125 0.2140625 0.26328125 0.109375
18 0.524609375 0.2390625 0.29296875 0.084375
18 0.27578125 0.272265625 0.2734375 0.07578125
