18 0.954296875 0.347265625 0.08984375 0.10078125
18 0.79296875 0.04921875 0.1359375 0.0921875
18 0.19609375 0.077734375 0.0921875 0.04921875
18 0.489453125 0.776171875 0.49765625 0.44609375
18 0.041796875 0.093359375 0.06796875 0.04296875
18 0.46484375 0.094921875 0.1109375 0.06171875
18 0.558203125 0.102734375 0.11015625 0.06171875
18 0.03046875 0.14296875 0.0609375 0.0265625
18 0.06484375 0.147265625 0.0546875 0.03828125
18 0.436328125 0.156640625 0.11015625 0.06640625
18 0.527734375 0.167578125 0.11796875 0.07578125
18 0.635546875 0.18515625 0.11796875 0.0734375
18 0.76171875 0.199609375 0.1265625 0.09296875
18 0.0828125 0.2109375 0.090625 0.053125
18 0.148046875 0.22265625 0.07421875 0.0515625
18 0.21015625 0.226171875 0.0734375 0.06796875
18 0.503125 0.238671875 0.0625 0.04609375
18 0.543359375 0.248046875 0.05859375 0.04921875
18 0.39609375 0.26328125 0.0765625 0.0671875
18 0.58046875 0.27265625 0.0640625 0.0484375
18 0.4328125 0.28125 0.065625 0.053125
18 0.5046875 0.30078125 0.075 0.0546875
18 0.673828125 0.305078125 0.10703125 0.12578125
18 0.723046875 0.33046875 0.07109375 0.0921875
18 0.78203125 0.333203125 0.0890625 0.12578125
