18 0.86796875 0.453125 0.2453125 0.146875
18 0.638671875 0.4984375 0.29296875 0.121875
18 0.359765625 0.539453125 0.30390625 0.13203125
18 0.693359375 0.604296875 0.29609375 0.11796875
18 0.4140625 0.628515625 0.309375 0.14140625
18 0.125390625 0.698046875 0.25078125 0.18046875
18 0.6734375 0.73203125 0.290625 0.1203125
18 0.8828125 0.78125 0.234375 0.2
18 0.40625 0.809765625 0.290625 0.14765625
18 0.704296875 0.859375 0.27421875 0.15625
18 0.448828125 0.912890625 0.32578125 0.17265625
18 0.151171875 0.93046875 0.27109375 0.1390625
18 0.801953125 0.165234375 0.27265625 0.10546875
18 0.872265625 0.25546875 0.25390625 0.1296875
18 0.398046875 0.257421875 0.22109375 0.23671875
18 0.54140625 0.2828125 0.1515625 0.18125
18 0.68125 0.2828125 0.2 0.184375
