20 0.221875 0.333984375 0.140625 0.18671875
20 0.956640625 0.34609375 0.08515625 0.1234375
20 0.8515625 0.35546875 0.140625 0.1234375
20 0.728125 0.362890625 0.140625 0.10703125
20 0.33359375 0.370703125 0.1359375 0.10703125
20 0.598828125 0.371875 0.12265625 0.096875
20 0.47109375 0.373828125 0.1328125 0.10703125
20 0.871875 0.474609375 0.134375 0.13671875
20 0.746875 0.49375 0.14375 0.146875
20 0.472265625 0.5 0.12265625 0.153125
20 0.61171875 0.501171875 0.1203125 0.13671875
20 0.3484375 0.518359375 0.140625 0.14296875
20 0.20234375 0.52734375 0.1296875 0.1265625
20 0.07421875 0.529296875 0.1328125 0.13984375
20 0.78359375 0.0796875 0.1546875 0.159375
20 0.641015625 0.081640625 0.14765625 0.16328125
20 0.476171875 0.08671875 0.13046875 0.1734375
20 0.33203125 0.09140625 0.1765625 0.1828125
20 0.1765625 0.09296875 0.175 0.1859375
20 0.939453125 0.24453125 0.11953125 0.1203125
20 0.827734375 0.2453125 0.12109375 0.103125
20 0.465625 0.259765625 0.109375 0.10703125
20 0.592578125 0.2671875 0.09765625 0.1
20 0.340625 0.275 0.1125 0.096875
