16 0.857421875 0.50234375 0.26171875 0.2234375
16 0.868359375 0.39453125 0.26171875 0.2328125
16 0.879296875 0.257421875 0.23046875 0.20546875
16 0.28046875 0.324609375 0.1984375 0.18359375
16 0.79921875 0.684375 0.3109375 0.31875
16 0.56796875 0.500390625 0.2453125 0.25703125
16 0.37421875 0.80546875 0.1984375 0.2484375
16 0.248046875 0.571484375 0.18046875 0.16796875
16 0.233984375 0.644921875 0.18046875 0.16796875
16 0.418359375 0.696484375 0.18046875 0.16796875
16 0.5671875 0.90078125 0.2125 0.1984375
16 0.542578125 0.73828125 0.07578125 0.0890625
16 0.534765625 0.80078125 0.07578125 0.0890625
