18 0.5 0.48515625 0.190625 0.0765625
18 0.299609375 0.505078125 0.20546875 0.09140625
18 0.095703125 0.55 0.18203125 0.096875
18 0.66328125 0.558203125 0.1859375 0.21015625
18 0.859375 0.56328125 0.2125 0.2203125
18 0.471875 0.586328125 0.21875 0.13203125
18 0.518359375 0.753515625 0.20859375 0.11015625
18 0.1078125 0.767578125 0.19375 0.11640625
18 0.3015625 0.798046875 0.196875 0.13671875
18 0.68203125 0.8265625 0.1734375 0.2
18 0.50234375 0.840234375 0.1734375 0.11484375
18 0.866015625 0.848828125 0.20078125 0.23203125
18 0.342578125 0.95 0.17578125 0.1
18 0.523046875 0.96015625 0.20234375 0.0796875
18 0.11953125 0.96015625 0.1890625 0.0796875
18 0.8796875 0.114453125 0.165625 0.10703125
18 0.287890625 0.119921875 0.16640625 0.08984375
18 0.423046875 0.133203125 0.15234375 0.06640625
18 0.587890625 0.135546875 0.16328125 0.05859375
18 0.73984375 0.152734375 0.1359375 0.10859375
18 0.1359375 0.174609375 0.15 0.06484375
18 0.334765625 0.241015625 0.20390625 0.06328125
18 0.165625 0.249609375 0.16875 0.06796875
18 0.902734375 0.269140625 0.19296875 0.18515625
18 0.500390625 0.311328125 0.23203125 0.11640625
18 0.282421875 0.321484375 0.21171875 0.08984375
18 0.092578125 0.32421875 0.17890625 0.0953125
