20 0.933203125 0.41015625 0.09765625 0.2265625
20 0.83984375 0.42109375 0.0890625 0.2265625
20 0.7171875 0.431640625 0.1125 0.25703125
20 0.530859375 0.448828125 0.09296875 0.26328125
20 0.30703125 0.449609375 0.0890625 0.28671875
20 0.410546875 0.458203125 0.09921875 0.26328125
20 0.185546875 0.474609375 0.09609375 0.28984375
20 0.0703125 0.48515625 0.115625 0.2765625
20 0.951953125 0.65390625 0.09453125 0.1984375
20 0.871484375 0.664453125 0.10859375 0.19140625
20 0.69765625 0.690625 0.1046875 0.196875
20 0.411328125 0.694921875 0.09140625 0.17421875
20 0.608203125 0.698828125 0.09140625 0.21328125
20 0.52109375 0.7171875 0.0796875 0.2
20 0.3265625 0.743359375 0.109375 0.23359375
20 0.215234375 0.765625 0.09609375 0.159375
20 0.08515625 0.777734375 0.1703125 0.23671875
20 0.929296875 0.856640625 0.13046875 0.15078125
20 0.82109375 0.8671875 0.1203125 0.14375
20 0.692578125 0.90390625 0.10078125 0.1671875
20 0.428125 0.92109375 0.121875 0.1203125
20 0.569140625 0.92265625 0.14453125 0.1546875
20 0.301953125 0.927734375 0.10703125 0.11171875
20 0.634375 0.108203125 0.11875 0.21640625
20 0.39140625 0.1265625 0.1328125 0.253125
