16 0.37109375 0.71796875 0.2046875 0.0609375
16 0.185546875 0.74140625 0.18046875 0.0640625
16 0.365234375 0.676171875 0.20546875 0.05546875
16 0.183203125 0.695703125 0.17578125 0.05390625
16 0.830078125 0.658203125 0.13203125 0.04453125
16 0.698828125 0.672265625 0.13828125 0.04453125
16 0.544140625 0.65859375 0.16953125 0.0515625
16 0.821875 0.626953125 0.13125 0.03828125
16 0.6921875 0.640625 0.140625 0.040625
16 0.79453125 0.554296875 0.1203125 0.03984375
16 0.637109375 0.591796875 0.12109375 0.03359375
16 0.513671875 0.6015625 0.13671875 0.0375
16 0.52265625 0.53515625 0.1671875 0.0484375
16 0.67265625 0.529296875 0.1515625 0.04296875
16 0.6625 0.560546875 0.15625 0.04296875
16 0.79296875 0.525 0.1234375 0.0375
16 0.5125 0.56875 0.1625 0.040625
16 0.343359375 0.576171875 0.21484375 0.04921875
16 0.34296875 0.53984375 0.2078125 0.0515625
16 0.162890625 0.58828125 0.16953125 0.0515625
16 0.1640625 0.547265625 0.171875 0.05390625
16 0.245703125 0.62109375 0.11640625 0.0421875
16 0.1390625 0.62890625 0.1 0.0421875
16 0.377734375 0.613671875 0.15859375 0.04296875
16 0.492578125 0.478125 0.17578125 0.053125
16 0.30625 0.478125 0.21875 0.05625
16 0.319140625 0.441796875 0.20078125 0.04921875
16 0.48984375 0.44140625 0.1921875 0.0515625
16 0.15078125 0.43203125 0.1734375 0.0578125
16 0.150390625 0.478125 0.16328125 0.053125
16 0.65078125 0.3703125 0.0828125 0.0375
16 0.5796875 0.36875 0.084375 0.040625
16 0.508984375 0.37265625 0.08984375 0.0671875
16 0.69765625 0.391796875 0.0921875 0.03359375
16 0.772265625 0.394921875 0.08203125 0.03359375
16 0.7359375 0.29375 0.0875 0.046875
16 0.6625 0.290625 0.0875 0.046875
16 0.60703125 0.27890625 0.0890625 0.0515625
16 0.515625 0.2734375 0.115625 0.06875
16 0.43125 0.267578125 0.0875 0.06640625
16 0.357421875 0.28203125 0.12109375 0.0609375
16 0.345703125 0.23671875 0.11328125 0.0453125
16 0.241015625 0.23515625 0.11328125 0.0453125
16 0.13828125 0.253515625 0.1296875 0.06953125
16 0.247265625 0.27421875 0.11640625 0.0578125
16 0.455859375 0.08515625 0.12109375 0.0609375
16 0.33046875 0.046875 0.1453125 0.084375
16 0.598046875 0.11640625 0.12109375 0.0609375
16 0.53828125 0.076171875 0.0828125 0.05859375
16 0.7234375 0.22421875 0.06875 0.0578125
16 0.6609375 0.212109375 0.084375 0.05859375
16 0.590625 0.201171875 0.084375 0.05859375
16 0.51875 0.188671875 0.084375 0.05859375
16 0.435546875 0.17578125 0.08984375 0.0671875
16 0.348828125 0.16171875 0.09765625 0.0671875
16 0.255859375 0.1453125 0.10234375 0.06875
16 0.15234375 0.120703125 0.1296875 0.07578125
16 0.656640625 0.4765625 0.16015625 0.046875
16 0.648046875 0.44453125 0.14921875 0.0453125
16 0.794140625 0.475390625 0.13203125 0.04453125
16 0.783984375 0.445703125 0.12734375 0.03828125
