16 0.798046875 0.709765625 0.40234375 0.18515625
16 0.775 0.604296875 0.446875 0.22734375
16 0.696484375 0.473046875 0.39296875 0.18984375
16 0.358984375 0.79609375 0.48671875 0.1828125
16 0.326171875 0.691796875 0.51796875 0.23046875
16 0.361328125 0.50234375 0.31953125 0.1234375
16 0.66953125 0.246875 0.5265625 0.225
16 0.22578125 0.346484375 0.4515625 0.22109375
16 0.209765625 0.225390625 0.41953125 0.22265625
16 0.607421875 0.07421875 0.50234375 0.1453125
16 0.642578125 0.13984375 0.48828125 0.1734375
