16 0.63515625 0.68984375 0.4640625 0.1265625
16 0.61640625 0.613671875 0.4515625 0.09609375
16 0.553515625 0.3734375 0.36328125 0.103125
16 0.19375 0.39296875 0.359375 0.1046875
16 0.60859375 0.559375 0.3015625 0.071875
16 0.18359375 0.333984375 0.1703125 0.04921875
16 0.62109375 0.89609375 0.2703125 0.2078125
16 0.853125 0.88125 0.290625 0.209375
16 0.98046875 0.86953125 0.0359375 0.1984375
16 0.9359375 0.676953125 0.125 0.09765625
16 0.9296875 0.60390625 0.140625 0.0796875
16 0.956640625 0.54140625 0.08515625 0.0671875
16 0.953515625 0.496484375 0.09140625 0.04296875
