16 0.80234375 0.723046875 0.2015625 0.07421875
16 0.7796875 0.685546875 0.196875 0.06484375
16 0.61640625 0.7015625 0.1609375 0.05625
16 0.400390625 0.749609375 0.11328125 0.04296875
16 0.506640625 0.7421875 0.11640625 0.046875
16 0.487890625 0.7125 0.12265625 0.046875
16 0.3875 0.7234375 0.109375 0.040625
16 0.477734375 0.634375 0.14296875 0.046875
16 0.454296875 0.6078125 0.12734375 0.046875
16 0.3671875 0.65546875 0.115625 0.0421875
16 0.355078125 0.629296875 0.11328125 0.03984375
16 0.448828125 0.66796875 0.13828125 0.0453125
16 0.59765625 0.61484375 0.1453125 0.0515625
16 0.57421875 0.584375 0.1578125 0.05625
16 0.734375 0.58828125 0.1875 0.0609375
16 0.7171875 0.55390625 0.1875 0.0640625
16 0.76953125 0.623828125 0.1515625 0.05078125
16 0.8828125 0.60546875 0.103125 0.0421875
16 0.55859375 0.52734375 0.1734375 0.0640625
16 0.446484375 0.555078125 0.11171875 0.05078125
16 0.34609375 0.58203125 0.1265625 0.0484375
16 0.3234375 0.55625 0.11875 0.046875
16 0.4203125 0.53125 0.11875 0.046875
16 0.665234375 0.3578125 0.11171875 0.053125
16 0.605859375 0.384375 0.11171875 0.053125
16 0.754296875 0.353125 0.11171875 0.053125
16 0.554296875 0.41796875 0.12109375 0.0734375
16 0.43125 0.36171875 0.125 0.0828125
16 0.53359375 0.30390625 0.1265625 0.0734375
16 0.49609375 0.32734375 0.1265625 0.0734375
16 0.61953125 0.256640625 0.1359375 0.07578125
16 0.323046875 0.40625 0.11171875 0.071875
16 0.30390625 0.201171875 0.1234375 0.07421875
16 0.36171875 0.15234375 0.1296875 0.0890625
16 0.46953125 0.07734375 0.1296875 0.0890625
16 0.169140625 0.287890625 0.06640625 0.06640625
16 0.200390625 0.281640625 0.06640625 0.06640625
16 0.523046875 0.50078125 0.14296875 0.0578125
16 0.6859375 0.492578125 0.203125 0.06953125
16 0.661328125 0.459765625 0.20078125 0.06640625
