16 0.06640625 0.81953125 0.0828125 0.1109375
16 0.09140625 0.912890625 0.1109375 0.13828125
16 0.112890625 0.955078125 0.13203125 0.08515625
16 0.219140625 0.772265625 0.15390625 0.14765625
16 0.2484375 0.871484375 0.209375 0.18984375
16 0.31328125 0.95859375 0.2015625 0.0828125
16 0.305078125 0.93125 0.15390625 0.134375
16 0.91875 0.353515625 0.1625 0.20078125
16 0.486328125 0.537890625 0.24140625 0.21640625
16 0.731640625 0.422265625 0.26953125 0.23203125
16 0.70234375 0.541796875 0.2078125 0.16484375
16 0.712109375 0.618359375 0.19921875 0.15859375
16 0.52734375 0.61640625 0.1703125 0.1578125
16 0.219140625 0.134375 0.21640625 0.146875
16 0.56015625 0.021484375 0.2609375 0.04296875
16 0.841796875 0.154296875 0.21484375 0.18359375
16 0.069140625 0.261328125 0.13828125 0.17578125
16 0.83515625 0.07421875 0.2390625 0.1453125
