16 0.721484375 0.290625 0.22109375 0.071875
16 0.32734375 0.31171875 0.2078125 0.0484375
16 0.283984375 0.353125 0.24609375 0.040625
16 0.9484375 0.314453125 0.103125 0.06015625
16 0.31328125 0.55390625 0.2640625 0.0578125
16 0.314453125 0.611328125 0.27265625 0.06015625
16 0.526171875 0.503515625 0.21171875 0.04453125
16 0.540234375 0.547265625 0.19609375 0.04453125
16 0.766015625 0.5515625 0.24140625 0.046875
16 0.76328125 0.505078125 0.2546875 0.04453125
16 0.776171875 0.457421875 0.23671875 0.04921875
16 0.77421875 0.610546875 0.2796875 0.06484375
16 0.266796875 0.849609375 0.27421875 0.08046875
16 0.2875 0.7640625 0.240625 0.06875
16 0.5359375 0.79296875 0.259375 0.0734375
16 0.569921875 0.6125 0.11796875 0.05625
16 0.592578125 0.348828125 0.12890625 0.04453125
