16 0.628125 0.7890625 0.13125 0.053125
16 0.60703125 0.83359375 0.1390625 0.0578125
16 0.59765625 0.88203125 0.1703125 0.0796875
16 0.395703125 0.9203125 0.18515625 0.078125
16 0.242578125 0.92421875 0.16015625 0.0828125
16 0.215234375 0.866015625 0.14921875 0.06953125
16 0.412890625 0.865625 0.11328125 0.053125
16 0.403515625 0.8265625 0.09140625 0.046875
16 0.216015625 0.975 0.05390625 0.040625
16 0.880859375 0.746484375 0.08984375 0.04296875
16 0.9734375 0.754296875 0.053125 0.04296875
16 0.974609375 0.72578125 0.04921875 0.0296875
16 0.6296875 0.669921875 0.19375 0.06484375
16 0.615234375 0.636328125 0.18984375 0.06015625
16 0.6046875 0.605078125 0.1875 0.06015625
16 0.746484375 0.603515625 0.12734375 0.05390625
16 0.7296875 0.575 0.125 0.053125
16 0.241015625 0.590625 0.26328125 0.09375
