4 0.755078125 0.358984375 0.17265625 0.12421875
4 0.19296875 0.40390625 0.3296875 0.1734375
4 0.8640625 0.440625 0.109375 0.075
4 0.91796875 0.453515625 0.1203125 0.09140625
4 0.622265625 0.486328125 0.15390625 0.11953125
4 0.951953125 0.516796875 0.09453125 0.09296875
4 0.74296875 0.52421875 0.1359375 0.1140625
4 0.45859375 0.5390625 0.1890625 0.13125
4 0.804296875 0.547265625 0.13984375 0.11015625
4 0.165234375 0.56328125 0.24921875 0.1421875
4 0.85390625 0.609375 0.1359375 0.128125
4 0.174609375 0.6171875 0.24296875 0.13125
4 0.234765625 0.701953125 0.31015625 0.21953125
4 0.31875 0.865234375 0.228125 0.18984375
4 0.352734375 0.918359375 0.22109375 0.16171875
4 0.8375 0.12734375 0.14375 0.0703125
4 0.711328125 0.16171875 0.17578125 0.1046875
4 0.363671875 0.165234375 0.28046875 0.11796875
4 0.096875 0.22109375 0.19375 0.1203125
4 0.359765625 0.239453125 0.26953125 0.12265625
4 0.10703125 0.29296875 0.2140625 0.1296875
4 0.862890625 0.303125 0.10703125 0.08125
4 0.451171875 0.30859375 0.25234375 0.1421875
