16 0.25546875 0.0359375 0.1734375 0.071875
16 0.46484375 0.080859375 0.1265625 0.11171875
16 0.632421875 0.145703125 0.08984375 0.09140625
16 0.841796875 0.23046875 0.05859375 0.0734375
16 0.83046875 0.158203125 0.0765625 0.06953125
16 0.828125 0.10234375 0.103125 0.0890625
16 0.584765625 0.6078125 0.13828125 0.115625
16 0.589453125 0.52890625 0.13828125 0.1203125
16 0.520703125 0.42890625 0.12890625 0.1046875
16 0.50234375 0.35234375 0.1296875 0.0953125
16 0.706640625 0.408203125 0.12890625 0.10078125
16 0.70234375 0.473828125 0.1265625 0.10078125
16 0.70390625 0.542578125 0.1078125 0.09140625
16 0.698828125 0.60625 0.10703125 0.09375
