20 0.27578125 0.351953125 0.1859375 0.08828125
20 0.95703125 0.4046875 0.0859375 0.159375
20 0.853515625 0.4140625 0.13515625 0.14375
20 0.073828125 0.415625 0.08203125 0.075
20 0.63125 0.419921875 0.115625 0.13359375
20 0.74296875 0.42265625 0.1359375 0.1328125
20 0.5484375 0.424609375 0.121875 0.12421875
20 0.2015625 0.433984375 0.103125 0.10234375
20 0.125 0.437109375 0.134375 0.09296875
20 0.487109375 0.078515625 0.17734375 0.15703125
20 0.3921875 0.08828125 0.190625 0.1765625
20 0.3203125 0.096484375 0.18125 0.19296875
20 0.244921875 0.116015625 0.19296875 0.21328125
20 0.1828125 0.126953125 0.1875 0.19140625
20 0.127734375 0.141796875 0.16796875 0.17109375
20 0.496484375 0.278125 0.09609375 0.125
20 0.87265625 0.28671875 0.1296875 0.1234375
20 0.751953125 0.29765625 0.11640625 0.1109375
20 0.64765625 0.305859375 0.0984375 0.10234375
20 0.55546875 0.31171875 0.0953125 0.1015625
20 0.363671875 0.315234375 0.16796875 0.13671875
