16 0.96484375 0.4109375 0.0671875 0.146875
16 0.31328125 0.5234375 0.0796875 0.05625
16 0.400390625 0.56171875 0.07578125 0.0515625
16 0.3578125 0.548828125 0.071875 0.04453125
16 0.251171875 0.565234375 0.09609375 0.05546875
16 0.18359375 0.57734375 0.0890625 0.0484375
16 0.18828125 0.540234375 0.0734375 0.03984375
16 0.3171875 0.5859375 0.0875 0.053125
16 0.243359375 0.605859375 0.08984375 0.02734375
16 0.121484375 0.58671875 0.08984375 0.0515625
16 0.91796875 0.626953125 0.1515625 0.06953125
16 0.737890625 0.644140625 0.16328125 0.05390625
16 0.040625 0.653125 0.08125 0.04375
16 0.0828125 0.73203125 0.071875 0.0640625
16 0.21796875 0.89921875 0.0890625 0.0921875
16 0.1203125 0.899609375 0.1 0.08671875
16 0.873046875 0.87421875 0.18984375 0.0640625
16 0.680078125 0.841015625 0.16953125 0.06015625
16 0.364453125 0.88359375 0.16328125 0.0609375
16 0.037890625 0.90703125 0.07578125 0.0890625
16 0.5265625 0.8375 0.15625 0.053125
16 0.82890625 0.8265625 0.1921875 0.0625
16 0.53359375 0.674609375 0.1234375 0.07109375
16 0.756640625 0.70703125 0.16328125 0.0609375
16 0.367578125 0.696875 0.10703125 0.05625
16 0.258203125 0.710546875 0.09140625 0.05859375
16 0.165234375 0.72265625 0.08984375 0.0640625
16 0.447265625 0.496875 0.23828125 0.0875
16 0.504296875 0.53671875 0.23671875 0.0796875
16 0.681640625 0.48125 0.23828125 0.078125
16 0.74765625 0.540234375 0.2484375 0.07109375
