13 0.736328125 0.418359375 0.25703125 0.23671875
13 0.53046875 0.483203125 0.2640625 0.21328125
13 0.3234375 0.5234375 0.24375 0.2
13 0.826953125 0.596484375 0.20078125 0.08671875
13 0.480859375 0.682421875 0.19296875 0.08671875
13 0.299609375 0.72734375 0.20234375 0.0796875
13 0.123046875 0.7734375 0.20234375 0.1
13 0.73515625 0.780078125 0.2203125 0.10703125
13 0.534375 0.819921875 0.234375 0.13359375
13 0.317578125 0.87578125 0.24765625 0.1234375
13 0.108984375 0.93203125 0.21796875 0.1296875
13 0.703125 0.13671875 0.290625 0.2734375
13 0.48359375 0.20390625 0.3171875 0.2796875
13 0.2265625 0.21796875 0.34375 0.3234375
