16 0.873828125 0.97578125 0.13203125 0.0484375
16 0.859375 0.896875 0.1 0.13125
16 0.851953125 0.79921875 0.08203125 0.0921875
16 0.8515625 0.726953125 0.06875 0.08203125
16 0.839453125 0.65234375 0.06640625 0.0890625
16 0.83125 0.592578125 0.0625 0.08203125
16 0.72578125 0.55859375 0.1578125 0.0953125
16 0.7296875 0.62265625 0.165625 0.1046875
16 0.726953125 0.706640625 0.18515625 0.14765625
16 0.705859375 0.805859375 0.16796875 0.11171875
16 0.712890625 0.897265625 0.17890625 0.14765625
16 0.686328125 0.958203125 0.13203125 0.06953125
16 0.56953125 0.515234375 0.1578125 0.10234375
16 0.41328125 0.497265625 0.1609375 0.14453125
16 0.565234375 0.598046875 0.16796875 0.14296875
16 0.555078125 0.712109375 0.16015625 0.13671875
16 0.40859375 0.616015625 0.1515625 0.12890625
16 0.4046875 0.701171875 0.146875 0.09609375
16 0.404296875 0.763671875 0.14921875 0.09609375
16 0.546875 0.8109375 0.15 0.103125
16 0.39296875 0.83203125 0.1515625 0.1046875
16 0.53984375 0.87734375 0.1515625 0.1078125
16 0.382421875 0.894921875 0.15234375 0.08984375
16 0.535546875 0.93984375 0.15859375 0.0890625
16 0.24765625 0.5296875 0.1671875 0.146875
16 0.26328125 0.44375 0.1578125 0.103125
16 0.25234375 0.6265625 0.1546875 0.103125
16 0.236328125 0.687109375 0.16015625 0.10546875
16 0.2234375 0.75859375 0.1625 0.1140625
16 0.110546875 0.419140625 0.16484375 0.14765625
