16 0.316015625 0.669140625 0.27890625 0.07578125
16 0.068359375 0.680859375 0.13671875 0.07109375
16 0.0421875 0.716796875 0.084375 0.06484375
16 0.2046875 0.6984375 0.196875 0.0625
16 0.10234375 0.637890625 0.2046875 0.08203125
16 0.11015625 0.38203125 0.1703125 0.0828125
16 0.935546875 0.150390625 0.12734375 0.14765625
16 0.9 0.108203125 0.196875 0.14765625
16 0.79296875 0.0828125 0.1828125 0.13125
16 0.68203125 0.055078125 0.1734375 0.10078125
16 0.557421875 0.034765625 0.14921875 0.06953125
16 0.501171875 0.0625 0.18046875 0.125
16 0.42265625 0.102734375 0.1609375 0.11796875
16 0.31640625 0.05625 0.1609375 0.1125
16 0.382421875 0.037109375 0.15859375 0.07421875
16 0.209375 0.035546875 0.13125 0.07109375
16 0.603125 0.11171875 0.146875 0.0890625
16 0.865625 0.21484375 0.13125 0.0734375
16 0.7015625 0.13359375 0.146875 0.0890625
16 0.790625 0.17265625 0.146875 0.0890625
16 0.940234375 0.40859375 0.11796875 0.1078125
16 0.9078125 0.321484375 0.109375 0.08671875
16 0.8421875 0.31171875 0.084375 0.0734375
16 0.62734375 0.882421875 0.1703125 0.05859375
16 0.65859375 0.848046875 0.1703125 0.05859375
16 0.689453125 0.819921875 0.12265625 0.03984375
16 0.751953125 0.790234375 0.16328125 0.05546875
16 0.76640625 0.75859375 0.1140625 0.0421875
16 0.468359375 0.845703125 0.22734375 0.06953125
16 0.512109375 0.814453125 0.14921875 0.04453125
16 0.575 0.78359375 0.196875 0.0640625
16 0.611328125 0.745703125 0.13203125 0.04453125
16 0.261328125 0.43828125 0.29453125 0.0984375
16 0.58515625 0.507421875 0.2359375 0.07421875
16 0.731640625 0.5578125 0.14453125 0.05625
16 0.498046875 0.30859375 0.25859375 0.1046875
16 0.253515625 0.2390625 0.28828125 0.125
