16 0.473046875 0.9453125 0.28984375 0.078125
16 0.76484375 0.962109375 0.2828125 0.07421875
16 0.76484375 0.910546875 0.2765625 0.07421875
16 0.855078125 0.6671875 0.23203125 0.084375
16 0.26328125 0.56953125 0.3421875 0.0890625
16 0.255078125 0.62734375 0.34140625 0.0765625
16 0.243359375 0.66953125 0.33984375 0.0734375
16 0.235546875 0.7125 0.33984375 0.071875
16 0.23125 0.74921875 0.3375 0.0671875
16 0.02734375 0.72734375 0.0546875 0.0421875
16 0.032421875 0.69453125 0.06484375 0.0484375
16 0.033203125 0.638671875 0.06640625 0.08046875
16 0.04765625 0.566015625 0.0921875 0.08203125
16 0.046875 0.449609375 0.0875 0.05546875
16 0.05859375 0.38671875 0.0890625 0.0796875
16 0.073046875 0.3140625 0.08671875 0.06875
16 0.634765625 0.500390625 0.35703125 0.08203125
16 0.649609375 0.44609375 0.37109375 0.0828125
16 0.665625 0.38359375 0.384375 0.1140625
16 0.925 0.4703125 0.15 0.071875
16 0.930859375 0.4125 0.13671875 0.071875
16 0.9203125 0.52421875 0.15625 0.0609375
16 0.279296875 0.41796875 0.36171875 0.0765625
16 0.28515625 0.363671875 0.3796875 0.08984375
16 0.315625 0.040625 0.3375 0.08125
