16 0.254296875 0.703125 0.19609375 0.0625
16 0.081640625 0.694921875 0.16328125 0.06484375
16 0.2703125 0.66484375 0.196875 0.0578125
16 0.093359375 0.654296875 0.16796875 0.05546875
16 0.699609375 0.720703125 0.12734375 0.04453125
16 0.573046875 0.71328125 0.13359375 0.0453125
16 0.441015625 0.678125 0.16328125 0.053125
16 0.70703125 0.691796875 0.1265625 0.03984375
16 0.584375 0.68359375 0.134375 0.0421875
16 0.717578125 0.621875 0.11640625 0.040625
16 0.556640625 0.631640625 0.11640625 0.03515625
16 0.44140625 0.620703125 0.1296875 0.03828125
16 0.48046875 0.561328125 0.1609375 0.05078125
16 0.62109375 0.580078125 0.1453125 0.04453125
16 0.5953125 0.608203125 0.15 0.04453125
16 0.73125 0.595703125 0.11875 0.03828125
16 0.45546875 0.590234375 0.1546875 0.04296875
16 0.29921875 0.571875 0.2046875 0.053125
16 0.31640625 0.537890625 0.1984375 0.05390625
16 0.130078125 0.553125 0.16328125 0.053125
16 0.15 0.516796875 0.165625 0.05546875
16 0.189453125 0.59609375 0.11328125 0.0421875
16 0.086328125 0.5875 0.09765625 0.040625
16 0.31171875 0.61171875 0.1515625 0.0453125
16 0.483203125 0.504296875 0.16953125 0.05546875
16 0.31328125 0.476171875 0.2078125 0.05859375
16 0.342578125 0.44609375 0.19140625 0.0515625
16 0.498046875 0.470703125 0.18359375 0.05390625
16 0.19453125 0.410546875 0.1671875 0.05859375
16 0.17421875 0.451953125 0.1578125 0.05390625
16 0.679296875 0.4328125 0.08046875 0.0375
16 0.61640625 0.41875 0.0828125 0.040625
16 0.54921875 0.412109375 0.0890625 0.06484375
16 0.71015625 0.459765625 0.0890625 0.03515625
16 0.77578125 0.473046875 0.0796875 0.03359375
16 0.793359375 0.37734375 0.08671875 0.0453125
16 0.727734375 0.36328125 0.08671875 0.0453125
16 0.684375 0.344140625 0.0875 0.05078125
16 0.60546875 0.32421875 0.1140625 0.0671875
16 0.5296875 0.305859375 0.0875 0.06484375
16 0.45625 0.306640625 0.11875 0.06015625
16 0.46875 0.26484375 0.109375 0.0453125
16 0.3734375 0.24609375 0.109375 0.0453125
16 0.27265625 0.247265625 0.1265625 0.06953125
16 0.359765625 0.284375 0.11328125 0.05625
16 0.6421875 0.144140625 0.11875 0.06015625
16 0.548828125 0.085546875 0.14453125 0.08984375
16 0.75625 0.194140625 0.11875 0.06015625
16 0.72109375 0.15 0.0828125 0.05625
16 0.814453125 0.310546875 0.06953125 0.05546875
16 0.7640625 0.290625 0.084375 0.05625
16 0.7078125 0.2703125 0.084375 0.05625
16 0.6484375 0.2484375 0.084375 0.05625
16 0.58046875 0.223046875 0.0890625 0.06484375
16 0.508984375 0.197265625 0.09609375 0.06640625
16 0.431640625 0.167578125 0.10078125 0.06640625
16 0.348828125 0.129296875 0.12890625 0.07421875
16 0.631640625 0.53046875 0.15390625 0.0484375
16 0.638671875 0.5 0.14296875 0.046875
16 0.757421875 0.548828125 0.12734375 0.04453125
16 0.761328125 0.521484375 0.12265625 0.03984375
