16 0.945703125 0.711328125 0.10703125 0.24765625
16 0.837890625 0.321875 0.31953125 0.3125
16 0.814453125 0.16796875 0.35078125 0.2703125
16 0.39296875 0.54296875 0.2078125 0.1921875
16 0.345703125 0.298828125 0.23828125 0.23203125
16 0.382421875 0.43984375 0.22109375 0.1578125
16 0.025 0.5390625 0.05 0.11875
16 0.066796875 0.673046875 0.08046875 0.08671875
16 0.161328125 0.56484375 0.24140625 0.2203125
16 0.13984375 0.453515625 0.2234375 0.16953125
16 0.648828125 0.51640625 0.14765625 0.1203125
