18 0.316015625 0.3453125 0.12890625 0.109375
18 0.67890625 0.353125 0.1015625 0.090625
18 0.175390625 0.35234375 0.15390625 0.0890625
18 0.886328125 0.353515625 0.10078125 0.08828125
18 0.452734375 0.354296875 0.12734375 0.11171875
18 0.5734375 0.359765625 0.121875 0.10703125
18 0.782421875 0.361328125 0.09609375 0.08515625
18 0.850390625 0.46015625 0.08828125 0.0703125
18 0.75859375 0.46796875 0.1078125 0.0703125
18 0.65 0.47578125 0.10625 0.0765625
18 0.319921875 0.477734375 0.11796875 0.11171875
18 0.448046875 0.48046875 0.13671875 0.0796875
18 0.173046875 0.4890625 0.14921875 0.0875
18 0.64921875 0.562890625 0.0921875 0.10703125
18 0.55 0.566015625 0.115625 0.09765625
18 0.436328125 0.5734375 0.11328125 0.09375
18 0.320703125 0.580078125 0.12265625 0.09453125
18 0.188671875 0.59140625 0.15234375 0.0890625
18 0.705859375 0.65078125 0.13984375 0.0953125
18 0.488671875 0.673046875 0.11484375 0.09609375
18 0.355859375 0.6890625 0.15234375 0.103125
18 0.186328125 0.70859375 0.17578125 0.0953125
18 0.175390625 0.21328125 0.16015625 0.1140625
18 0.328515625 0.22734375 0.14453125 0.1109375
18 0.4640625 0.236328125 0.128125 0.10390625
18 0.5828125 0.243359375 0.134375 0.10546875
18 0.803515625 0.247265625 0.09453125 0.09765625
18 0.703125 0.2484375 0.10625 0.0875
18 0.9046875 0.25859375 0.109375 0.0859375
