12 0.790625 0.421484375 0.109375 0.16171875
12 0.939453125 0.447265625 0.11953125 0.16640625
12 0.066796875 0.4484375 0.12421875 0.153125
12 0.271875 0.44921875 0.109375 0.1578125
12 0.48671875 0.449609375 0.1015625 0.16171875
12 0.6 0.451171875 0.103125 0.16171875
12 0.778125 0.623828125 0.1 0.12578125
12 0.196484375 0.63046875 0.09921875 0.1453125
12 0.28125 0.64140625 0.103125 0.1453125
12 0.095703125 0.6421875 0.11015625 0.14375
12 0.382421875 0.64453125 0.09921875 0.1453125
12 0.592578125 0.646484375 0.09765625 0.15234375
12 0.69609375 0.650390625 0.1015625 0.15390625
12 0.90703125 0.653515625 0.1171875 0.15390625
12 0.4046875 0.79375 0.084375 0.09375
12 0.56328125 0.795703125 0.0828125 0.09140625
12 0.11953125 0.810546875 0.0953125 0.13359375
12 0.208984375 0.812890625 0.09296875 0.13515625
12 0.30234375 0.814453125 0.0953125 0.13828125
12 0.840234375 0.8265625 0.06171875 0.1375
12 0.659765625 0.829296875 0.09765625 0.13671875
12 0.758203125 0.83359375 0.09765625 0.1453125
12 0.951953125 0.203125 0.09453125 0.184375
12 0.848828125 0.21015625 0.09453125 0.1828125
12 0.75546875 0.213671875 0.0921875 0.17734375
12 0.519140625 0.21796875 0.07265625 0.1734375
12 0.362890625 0.222265625 0.08828125 0.17265625
12 0.091015625 0.221875 0.05703125 0.171875
12 0.0390625 0.222265625 0.075 0.17265625
12 0.28125 0.225 0.0875 0.171875
12 0.594140625 0.225390625 0.07578125 0.15390625
12 0.668359375 0.225390625 0.06171875 0.15390625
