16 0.911328125 0.886328125 0.17578125 0.07578125
16 0.907421875 0.93125 0.18359375 0.06875
16 0.91171875 0.957421875 0.1765625 0.04296875
16 0.138671875 0.353515625 0.08671875 0.03828125
16 0.133984375 0.38671875 0.08984375 0.0421875
16 0.134375 0.42421875 0.09375 0.0421875
16 0.143359375 0.458984375 0.10546875 0.04296875
16 0.151171875 0.500390625 0.12734375 0.06015625
16 0.15625 0.54921875 0.134375 0.0484375
16 0.55703125 0.91484375 0.2765625 0.0828125
16 0.582421875 0.965625 0.41484375 0.06875
16 0.17890625 0.946484375 0.1515625 0.06484375
16 0.230078125 0.981640625 0.23203125 0.03515625
16 0.301171875 0.3328125 0.25859375 0.05625
16 0.3015625 0.366015625 0.259375 0.06015625
16 0.312109375 0.40859375 0.27734375 0.0765625
16 0.346875 0.45703125 0.259375 0.0578125
16 0.352734375 0.496875 0.26171875 0.071875
16 0.544921875 0.29921875 0.26796875 0.0609375
16 0.564453125 0.342578125 0.27265625 0.08203125
16 0.582421875 0.400390625 0.26171875 0.06953125
16 0.603515625 0.450390625 0.23828125 0.05078125
16 0.61953125 0.4828125 0.2390625 0.053125
16 0.81328125 0.27265625 0.2796875 0.0890625
16 0.82421875 0.33828125 0.2703125 0.0734375
16 0.836328125 0.3859375 0.25703125 0.05625
16 0.846484375 0.41640625 0.25859375 0.0578125
16 0.859765625 0.45390625 0.26328125 0.0578125
16 0.294140625 0.2078125 0.26328125 0.0625
16 0.321875 0.238671875 0.24375 0.05859375
