16 0.45 0.43984375 0.303125 0.1109375
16 0.539453125 0.5109375 0.26328125 0.09375
16 0.53125 0.559765625 0.25625 0.09140625
16 0.803515625 0.5578125 0.28828125 0.109375
16 0.758203125 0.596484375 0.22265625 0.08046875
16 0.72109375 0.63125 0.2234375 0.071875
16 0.50625 0.60234375 0.2125 0.0734375
16 0.09375 0.426953125 0.1875 0.17578125
16 0.2171875 0.475390625 0.103125 0.09765625
16 0.0203125 0.674609375 0.0375 0.19609375
16 0.516015625 0.784765625 0.23203125 0.08515625
16 0.23046875 0.7921875 0.2046875 0.078125
16 0.21171875 0.74140625 0.1546875 0.0796875
16 0.501953125 0.821484375 0.21640625 0.06484375
16 0.9 0.671875 0.13125 0.071875
16 0.914453125 0.621875 0.13203125 0.071875
16 0.962109375 0.58046875 0.06484375 0.0578125
16 0.9671875 0.53359375 0.0625 0.0640625
16 0.198828125 0.046875 0.16328125 0.09375
16 0.14453125 0.225 0.1859375 0.18125
16 0.33125 0.2734375 0.234375 0.09375
16 0.23515625 0.402734375 0.1203125 0.07109375
