14 0.915625 0.355078125 0.065625 0.05390625
14 0.755078125 0.363671875 0.06953125 0.05546875
14 0.650390625 0.369140625 0.06328125 0.04453125
14 0.455078125 0.37265625 0.09765625 0.0640625
14 0.553515625 0.39453125 0.07890625 0.0453125
14 0.1640625 0.39921875 0.10625 0.0453125
14 0.45 0.4046875 0.075 0.05
14 0.37265625 0.406640625 0.0796875 0.04765625
14 0.08359375 0.409375 0.0953125 0.040625
14 0.721484375 0.4515625 0.12109375 0.1
14 0.50703125 0.478515625 0.1609375 0.08828125
14 0.903515625 0.4921875 0.12890625 0.078125
14 0.37265625 0.501171875 0.1546875 0.08671875
14 0.716015625 0.515234375 0.13515625 0.08046875
14 0.2390625 0.52578125 0.1625 0.0734375
14 0.6015625 0.524609375 0.140625 0.08046875
14 0.105859375 0.548046875 0.15546875 0.08671875
14 0.2515625 0.582421875 0.16875 0.08671875
14 0.637890625 0.646875 0.08515625 0.109375
14 0.83515625 0.653515625 0.0890625 0.11328125
14 0.56953125 0.6578125 0.0796875 0.10625
14 0.73046875 0.673828125 0.0890625 0.11328125
14 0.34296875 0.702734375 0.1078125 0.09609375
14 0.65859375 0.75546875 0.0890625 0.0921875
14 0.269921875 0.763671875 0.08984375 0.11796875
14 0.347265625 0.78203125 0.08828125 0.1109375
14 0.51640625 0.787109375 0.1046875 0.11484375
14 0.432421875 0.803125 0.09296875 0.115625
14 0.133203125 0.850390625 0.10390625 0.11640625
14 0.91328125 0.12109375 0.0765625 0.0578125
14 0.8921875 0.16015625 0.08125 0.0640625
14 0.465234375 0.1734375 0.08984375 0.05
14 0.605078125 0.175390625 0.09140625 0.05078125
14 0.087109375 0.201953125 0.08984375 0.05703125
14 0.891015625 0.20234375 0.08515625 0.0515625
14 0.720703125 0.20390625 0.06953125 0.0578125
14 0.669140625 0.2078125 0.06640625 0.059375
14 0.39140625 0.2140625 0.0703125 0.05
14 0.598828125 0.216015625 0.09765625 0.04765625
14 0.471875 0.217578125 0.090625 0.05703125
14 0.325390625 0.221484375 0.06328125 0.04609375
14 0.25390625 0.224609375 0.0828125 0.05546875
14 0.1765625 0.225390625 0.075 0.05078125
14 0.108984375 0.243359375 0.09609375 0.04609375
14 0.541796875 0.2578125 0.09609375 0.05625
14 0.406640625 0.2609375 0.07578125 0.059375
14 0.470703125 0.262109375 0.06640625 0.05546875
14 0.103515625 0.282421875 0.08828125 0.05234375
