16 0.909375 0.096875 0.18125 0.071875
16 0.903515625 0.051171875 0.19140625 0.06484375
16 0.90703125 0.030859375 0.1859375 0.02734375
16 0.155078125 0.630078125 0.08515625 0.03828125
16 0.15 0.5984375 0.0875 0.040625
16 0.150390625 0.5609375 0.09140625 0.040625
16 0.15625 0.52578125 0.103125 0.0421875
16 0.16328125 0.48515625 0.1234375 0.0578125
16 0.167578125 0.4375 0.13203125 0.046875
16 0.551953125 0.069921875 0.27265625 0.08046875
16 0.575 0.0265625 0.40625 0.053125
16 0.169921875 0.04296875 0.15859375 0.0640625
16 0.21953125 0.01171875 0.2328125 0.0234375
16 0.3171875 0.648828125 0.25625 0.05390625
16 0.3171875 0.61640625 0.25625 0.0578125
16 0.326171875 0.57421875 0.27421875 0.0734375
16 0.3578125 0.526953125 0.25625 0.05390625
16 0.363671875 0.4875 0.25859375 0.06875
16 0.55859375 0.67890625 0.2640625 0.0578125
16 0.577734375 0.6359375 0.26796875 0.078125
16 0.591796875 0.58046875 0.25859375 0.0671875
16 0.61171875 0.52890625 0.2359375 0.0484375
16 0.62734375 0.497265625 0.2359375 0.05078125
16 0.82578125 0.705078125 0.2765625 0.08515625
16 0.8328125 0.637890625 0.265625 0.06953125
16 0.84609375 0.5921875 0.2546875 0.053125
16 0.85390625 0.561328125 0.2546875 0.05390625
16 0.865625 0.525390625 0.259375 0.05390625
16 0.3140625 0.772265625 0.259375 0.06015625
16 0.3390625 0.7421875 0.240625 0.05625
