16 0.86953125 0.08046875 0.2609375 0.1140625
16 0.85859375 0.1375 0.2828125 0.125
16 0.856640625 0.18046875 0.28515625 0.1078125
16 0.7703125 0.55078125 0.453125 0.1359375
16 0.789453125 0.483984375 0.41953125 0.12734375
16 0.805078125 0.4265625 0.38828125 0.125
16 0.82265625 0.365234375 0.3546875 0.12109375
16 0.837109375 0.30703125 0.32421875 0.1234375
16 0.337109375 0.4859375 0.45546875 0.134375
16 0.375390625 0.42109375 0.45703125 0.1265625
16 0.415234375 0.3625 0.44921875 0.125
16 0.445703125 0.3015625 0.45703125 0.125
16 0.473046875 0.24140625 0.44921875 0.1265625
16 0.194921875 0.19453125 0.15234375 0.0765625
16 0.165234375 0.25859375 0.15234375 0.0765625
16 0.137109375 0.31484375 0.15234375 0.0765625
16 0.100390625 0.392578125 0.16953125 0.11328125
16 0.23046875 0.780859375 0.4578125 0.14921875
16 0.633984375 0.880859375 0.39921875 0.10546875
16 0.67734375 0.834375 0.3734375 0.125
16 0.76171875 0.77265625 0.2515625 0.0953125
16 0.26015625 0.71015625 0.3609375 0.1203125
16 0.29296875 0.009375 0.1421875 0.015625
