16 0.7390625 0.166796875 0.259375 0.05546875
16 0.740625 0.212890625 0.259375 0.05078125
16 0.73671875 0.4515625 0.2515625 0.053125
16 0.73828125 0.578125 0.2515625 0.053125
16 0.756640625 0.62890625 0.25390625 0.0515625
16 0.762890625 0.679296875 0.25390625 0.05546875
16 0.9265625 0.587890625 0.146875 0.04453125
16 0.950390625 0.671875 0.09765625 0.06875
16 0.138671875 0.794921875 0.12109375 0.13359375
16 0.044921875 0.8 0.08984375 0.134375
16 0.153515625 0.59453125 0.10078125 0.1453125
16 0.050390625 0.58984375 0.10078125 0.1453125
16 0.172265625 0.40546875 0.10078125 0.1453125
16 0.065625 0.40234375 0.084375 0.1453125
16 0.025 0.175 0.05 0.134375
16 0.07421875 0.173046875 0.0515625 0.13359375
16 0.943359375 0.213671875 0.11171875 0.04921875
16 0.488671875 0.450390625 0.24296875 0.06015625
16 0.3140625 0.4 0.109375 0.053125
16 0.3109375 0.4515625 0.109375 0.053125
16 0.346484375 0.541796875 0.17421875 0.03984375
16 0.319140625 0.594140625 0.21015625 0.05390625
16 0.516796875 0.66328125 0.22734375 0.0609375
16 0.524609375 0.602734375 0.20546875 0.04921875
16 0.526953125 0.56328125 0.20078125 0.0453125
16 0.252734375 0.663671875 0.24609375 0.06484375
16 0.512109375 0.862109375 0.22734375 0.08046875
16 0.527734375 0.785546875 0.21171875 0.06484375
16 0.4828125 0.2140625 0.25625 0.046875
16 0.230078125 0.215234375 0.24765625 0.04921875
16 0.230078125 0.1625 0.24765625 0.053125
16 0.74765625 0.869140625 0.2359375 0.05390625
16 0.75546875 0.819140625 0.2359375 0.06953125
16 0.93046875 0.870703125 0.1390625 0.08203125
16 0.73984375 0.758203125 0.2078125 0.03515625
