16 0.75703125 0.433984375 0.2203125 0.08984375
16 0.792578125 0.47734375 0.23203125 0.0984375
16 0.537109375 0.430859375 0.24296875 0.09609375
16 0.55390625 0.47734375 0.2328125 0.0890625
16 0.576953125 0.522265625 0.25703125 0.10078125
16 0.31484375 0.522265625 0.2828125 0.11328125
16 0.1046875 0.560546875 0.203125 0.08671875
16 0.107421875 0.50859375 0.21484375 0.0953125
16 0.31640625 0.4734375 0.2328125 0.09375
16 0.052734375 0.301953125 0.10546875 0.08203125
16 0.053515625 0.258984375 0.10703125 0.06484375
16 0.059765625 0.629296875 0.08203125 0.08046875
16 0.628125 0.694140625 0.259375 0.11640625
16 0.812890625 0.598046875 0.24765625 0.08984375
16 0.878125 0.66953125 0.24375 0.1234375
16 0.666796875 0.89765625 0.28984375 0.1390625
