15 0.1546875 0.48515625 0.203125 0.2421875
15 0.308203125 0.498046875 0.14453125 0.22734375
15 0.426171875 0.512109375 0.13359375 0.22734375
15 0.538671875 0.527734375 0.14296875 0.22109375
15 0.1125 0.715625 0.165625 0.24375
15 0.2578125 0.74375 0.165625 0.275
15 0.38125 0.748828125 0.16875 0.27890625
15 0.500390625 0.75234375 0.13828125 0.2296875
15 0.340625 0.08515625 0.140625 0.1703125
15 0.4859375 0.091796875 0.146875 0.18359375
15 0.19375 0.26328125 0.175 0.2359375
15 0.324609375 0.2796875 0.12109375 0.246875
15 0.451953125 0.29765625 0.13828125 0.2359375
15 0.571484375 0.308984375 0.14296875 0.23046875
