13 0.718359375 0.335546875 0.32734375 0.16484375
13 0.474609375 0.34609375 0.19921875 0.2046875
13 0.270703125 0.379296875 0.23203125 0.15859375
13 0.4828125 0.5328125 0.175 0.2125
13 0.313671875 0.550390625 0.17734375 0.19140625
13 0.153515625 0.57578125 0.18515625 0.1640625
13 0.505859375 0.806640625 0.18359375 0.26640625
13 0.33984375 0.83046875 0.1765625 0.2390625
13 0.150390625 0.847265625 0.19765625 0.26015625
13 0.491015625 0.10234375 0.27265625 0.2046875
13 0.220703125 0.111328125 0.23828125 0.22265625
13 0.7890625 0.115234375 0.375 0.18359375
