16 0.4203125 0.59609375 0.334375 0.1453125
16 0.451171875 0.6625 0.32421875 0.11875
16 0.416015625 0.4828125 0.23828125 0.09375
16 0.756640625 0.5984375 0.32578125 0.11875
16 0.736328125 0.5296875 0.34140625 0.15
16 0.687890625 0.4609375 0.31015625 0.115625
16 0.18046875 0.719921875 0.2453125 0.10546875
16 0.156640625 0.6546875 0.25390625 0.13125
16 0.15859375 0.558984375 0.2640625 0.12109375
16 0.334765625 0.37421875 0.34140625 0.1296875
16 0.294140625 0.304296875 0.35703125 0.13359375
16 0.282421875 0.198046875 0.29921875 0.12109375
16 0.079296875 0.300390625 0.15859375 0.11328125
16 0.07421875 0.3671875 0.1484375 0.10625
16 0.08671875 0.430859375 0.1734375 0.10546875
16 0.573828125 0.106640625 0.34140625 0.13828125
16 0.59375 0.169921875 0.334375 0.11796875
16 0.644140625 0.229296875 0.37890625 0.14921875
16 0.67265625 0.30390625 0.3703125 0.1421875
