16 0.778515625 0.0875 0.44140625 0.171875
16 0.759375 0.17890625 0.478125 0.1984375
16 0.342578125 0.153125 0.46015625 0.15
16 0.376953125 0.06484375 0.45703125 0.1296875
16 0.73359375 0.433203125 0.5328125 0.16328125
16 0.74609375 0.343359375 0.5046875 0.16484375
16 0.289453125 0.3015625 0.46640625 0.15
16 0.25859375 0.39453125 0.4734375 0.1515625
16 0.69609375 0.53515625 0.3953125 0.0984375
16 0.34140625 0.5015625 0.3546875 0.0875
16 0.631640625 0.75859375 0.57578125 0.1671875
16 0.1875 0.698828125 0.375 0.15390625
16 0.204296875 0.60703125 0.40859375 0.1421875
16 0.665234375 0.66328125 0.57421875 0.1546875
