16 0.800390625 0.187109375 0.39765625 0.21484375
16 0.4046875 0.12890625 0.478125 0.2140625
16 0.397265625 0.254296875 0.42890625 0.14921875
16 0.7875 0.312890625 0.415625 0.14765625
16 0.76875 0.382421875 0.421875 0.14296875
16 0.370703125 0.34453125 0.42890625 0.1703125
16 0.156640625 0.078125 0.13203125 0.15625
16 0.151953125 0.176953125 0.16328125 0.10703125
16 0.129296875 0.260546875 0.15859375 0.08671875
16 0.118359375 0.337890625 0.18046875 0.10703125
16 0.756640625 0.448046875 0.42890625 0.12109375
16 0.44140625 0.79765625 0.1140625 0.1421875
16 0.617578125 0.805859375 0.08203125 0.11171875
16 0.66328125 0.817578125 0.0765625 0.10703125
16 0.558203125 0.791015625 0.08203125 0.10703125
16 0.508203125 0.790234375 0.07578125 0.11171875
