18 0.45234375 0.03359375 0.2640625 0.0671875
18 0.82109375 0.344921875 0.1671875 0.22109375
18 0.930078125 0.35625 0.13828125 0.20625
18 0.466796875 0.3578125 0.27109375 0.115625
18 0.671875 0.365625 0.165625 0.215625
18 0.211328125 0.42109375 0.22265625 0.1234375
18 0.0515625 0.4421875 0.103125 0.11875
18 0.469140625 0.53515625 0.24453125 0.0640625
18 0.26640625 0.55625 0.1828125 0.075
18 0.08203125 0.56875 0.1640625 0.08125
18 0.926171875 0.580078125 0.14609375 0.19140625
18 0.79453125 0.583203125 0.1484375 0.19765625
18 0.67421875 0.5875 0.1328125 0.2
18 0.482421875 0.598828125 0.23671875 0.06640625
18 0.252734375 0.65625 0.20859375 0.125
18 0.07421875 0.662890625 0.1484375 0.11328125
18 0.47890625 0.6671875 0.2484375 0.08125
18 0.19609375 0.07578125 0.2203125 0.0796875
18 0.8609375 0.76796875 0.11875 0.1484375
18 0.649609375 0.773046875 0.12109375 0.13671875
18 0.755859375 0.777734375 0.11171875 0.14609375
18 0.543359375 0.7890625 0.11796875 0.140625
18 0.449609375 0.7921875 0.11171875 0.15625
18 0.2984375 0.79921875 0.184375 0.1453125
18 0.141796875 0.8328125 0.15234375 0.115625
18 0.706640625 0.084375 0.17890625 0.16875
18 0.863671875 0.08515625 0.18359375 0.1703125
18 0.4671875 0.090234375 0.275 0.04921875
18 0.95859375 0.925390625 0.0828125 0.11953125
18 0.50703125 0.937890625 0.2109375 0.12265625
18 0.81328125 0.944921875 0.1328125 0.10859375
18 0.475390625 0.142578125 0.31328125 0.06015625
18 0.17890625 0.157421875 0.2640625 0.09609375
18 0.233984375 0.319921875 0.19296875 0.07109375
