2 0.44234890109890107 0.26091603053435114 0.1935164835164835 0.2698091603053435
2 0.696195054945055 0.457442748091603 0.20060439560439558 0.2981679389312977
2 0.19417582417582419 0.6343129770992366 0.16115384615384615 0.2786641221374046
2 0.8028296703296703 0.12812977099236642 0.16357142857142856 0.23750000000000002
2 0.8165796703296704 0.8255343511450381 0.23380494505494506 0.3176145038167939
2 0.3726785714285714 0.8577480916030534 0.2403846153846154 0.28450381679389314
2 0.11675824175824176 0.3208969465648855 0.17115384615384616 0.13532442748091603
2 0.07259615384615385 0.8137404580152672 0.1408241758241758 0.2516030534351145
2 0.5794093406593407 0.7337786259541985 0.21429945054945054 0.2952671755725191
2 0.901401098901099 0.49229007633587785 0.17756868131868134 0.2745229007633588
2 0.19296703296703296 0.10847328244274809 0.16179945054945055 0.17270992366412213
2 0.2748901098901099 0.37582061068702294 0.17247252747252748 0.17807251908396948
2 0.40309065934065935 0.5328625954198474 0.18826923076923077 0.21998091603053435
2 0.9136126373626374 0.4931870229007634 0.16535714285714284 0.2508969465648855
